Enter number of vertices and edges: Enter edges (u v weight):

Randomized Max-Cut average weight (over 1000 trials): 4994.54

Greedy Max-Cut Partition:
unordered_set X: 997 984 979 977 976 966 965 956 954 953 944 939 935 934 918 916 915 912 901 899 898 897 894 892 887 886 885 883 882 880 876 874 870 860 839 837 836 832 831 828 821 820 819 814 810 809 801 800 785 781 780 777 776 773 772 771 768 767 760 755 754 753 752 751 744 742 735 732 731 730 727 721 718 709 707 705 698 697 686 683 681 674 673 671 667 666 664 661 659 654 651 649 644 640 636 635 634 633 626 625 620 614 609 603 597 593 591 585 580 579 577 575 574 572 571 567 565 564 563 561 559 558 557 556 554 548 546 545 544 540 536 535 529 528 272 808 267 10 263 520 258 542 1 252 509 788 247 504 786 245 502 243 778 237 494 775 234 229 228 225 482 223 480 221 478 761 220 215 741 200 998 457 198 738 197 995 454 736 195 993 452 729 188 445 183 981 440 722 181 179 714 173 971 430 172 710 169 160 958 417 699 158 153 410 151 408 277 150 948 407 276 560 19 149 274 688 147 743 202 459 75 134 74 331 740 199 72 608 67 733 192 65 251 124 922 381 60 317 246 503 660 119 376 723 182 55 312 241 498 655 114 53 851 310 112 910 369 178 51 849 308 49 306 715 174 431 588 47 304 600 59 857 316 822 281 154 27 825 284 86 343 255 669 128 167 40 806 265 522 552 11 525 129 66 578 37 294 678 137 275 689 148 946 405 21 80 807 266 523 680 139 937 396 152 409 566 25 823 282 598 57 855 314 696 155 28 826 285 87 687 146 41 58 856 315 117 29 605 64 321 162 35 833 292 76 135 392 204 461 618 77 334 622 81 338 750 209 466 623 82 216 473 89 758 217 474 90 218 475 91 765 224 638 97 895 354 646 105 362 652 111 368 656 115 248 662 121 919 378 249 663 122 379 254 668 127 384 812 271 685 144 401 283 288 834 293 840 299 300 301 843 302 303 850 309 311 859 318 861 320 326 868 327 869 328 871 330 877 336 340 890 349 891 350 893 352 361 904 363 905 364 906 365 907 366 367 370 914 373 387 930 389 931 390 938 397 399 400 402 957 416 420 968 427 969 428 974 433 441 985 444 987 446 450 992 451 458 460 463 464 465 467 468 471 483 484 490 492 493 495 496 497 514 516 518 519 526 
unordered_set Y: 1000 999 991 986 982 972 961 951 950 949 943 942 941 940 933 928 925 920 917 911 909 908 903 902 884 881 879 875 872 867 862 858 853 852 847 845 844 842 841 835 829 824 818 817 816 815 813 804 799 796 795 793 792 790 789 787 784 782 770 769 766 764 762 759 757 756 745 739 724 720 719 713 708 703 701 695 694 693 692 691 690 676 675 670 665 658 653 632 631 630 628 627 621 617 616 615 613 607 606 601 599 596 594 592 590 582 581 576 570 569 568 562 551 541 539 538 537 534 533 532 531 530 527 524 521 517 515 513 512 511 510 508 507 506 505 214 213 470 749 208 748 207 203 201 194 734 193 191 989 448 728 187 186 443 726 185 983 442 725 184 180 978 437 717 176 168 425 164 962 421 156 413 679 138 936 395 126 924 383 125 923 382 123 921 380 120 377 118 375 657 116 113 110 650 109 108 648 107 647 106 645 104 103 360 643 102 900 359 642 101 358 227 641 100 357 166 964 423 39 296 639 98 896 355 157 955 414 30 287 26 212 469 85 342 24 210 624 83 22 279 20 747 206 79 145 18 17 684 143 16 273 23 280 99 356 226 702 161 959 418 34 291 93 132 5 803 262 31 543 2 259 602 61 142 15 700 159 573 32 830 289 130 3 260 189 62 319 33 290 219 476 92 672 131 929 388 4 802 261 190 988 447 604 63 133 547 6 704 163 36 763 222 479 95 7 805 264 549 8 706 165 963 422 38 295 677 136 393 550 9 68 866 325 553 12 269 612 71 140 13 811 270 682 141 398 555 14 73 583 42 711 170 584 43 712 171 44 586 45 587 46 716 175 973 432 589 48 846 305 177 975 434 50 848 307 52 595 54 56 854 313 737 196 994 453 610 69 611 70 746 205 462 619 78 335 211 84 341 629 88 345 94 351 637 96 353 230 487 231 488 232 489 774 233 235 236 779 238 239 240 783 242 499 244 501 791 250 794 253 797 256 798 257 268 278 827 286 838 297 298 863 322 864 323 865 324 329 873 332 333 878 337 339 344 346 888 347 889 348 371 913 372 374 926 385 927 386 932 391 394 403 945 404 947 406 952 411 412 415 960 419 424 967 426 970 429 435 436 438 980 439 990 449 996 455 456 472 477 481 485 486 491 500 
Greedy Cut Weight: 6188

 Semi-greedy starts

Semi-Greedy Max-Cut (α = 0.75):
unordered_set X: 319 143 215 700 443 41 531 740 719 243 299 514 116 816 529 294 25 127 669 50 241 11 96 313 971 725 881 329 492 125 880 618 503 521 961 252 793 90 988 305 433 229 17 817 417 978 627 7 532 20 434 578 37 592 51 674 384 333 302 307 257 136 318 424 965 455 996 114 655 524 419 810 735 32 573 696 155 515 104 787 506 250 201 231 772 504 365 906 587 818 106 647 921 837 462 473 520 369 478 623 867 550 758 850 214 204 621 24 608 403 944 489 108 836 736 685 144 575 34 378 107 235 609 401 942 248 507 871 176 717 377 918 109 889 845 388 671 644 103 589 681 947 406 332 551 502 291 832 251 931 497 81 522 890 943 402 651 110 218 872 534 603 827 42 315 856 786 470 690 697 156 652 111 624 653 526 569 262 795 266 807 510 928 147 688 242 537 813 352 287 498 177 483 456 997 404 945 733 476 490 49 563 427 616 359 600 59 322 863 92 355 869 98 720 306 847 762 505 602 886 345 930 698 131 891 120 375 659 118 579 606 65 391 932 418 166 36 207 748 234 105 78 619 753 258 799 185 726 469 599 980 466 632 91 853 596 290 804 13 527 811 270 467 981 814 459 716 615 541 284 701 160 528 555 14 785 797 830 289 297 838 43 584 327 841 53 310 448 989 475 765 224 481 738 425 588 47 426 940 662 148 542 1 474 760 346 887 914 941 400 410 924 323 66 39 580 778 449 171 897 126 19 249 790 382 923 213 568 54 751 397 654 285 826 954 413 386 927 819 562 767 686 432 480 641 100 901 393 774 3 260 435 949 739 936 395 682 141 371 912 903 673 132 282 411 84 625 247 761 374 298 839 937 396 351 334 464 446 730 189 695 438 64 60 601 899 642 911 370 363 904 614 73 547 6 894 353 69 610 95 168 709 732 191 882 341 423 964 211 752 238 879 338 146 35 182 412 953 604 861 737 196 169 710 994 453 713 571 222 585 612 71 203 253 794 626 79 957 727 186 364 905 675 134 264 805 950 293 834 193 734 379 122 705 164 180 161 702 135 676 656 202 743 454 72 613 499 749 208 261 802 500 769 45 15 553 12 516 431 972 124 665 895 354 493 523 52 76 617 
unordered_set Y: 952 295 330 272 360 840 539 430 348 629 88 495 477 721 974 487 672 447 320 472 389 549 8 199 518 48 121 210 517 835 300 501 331 684 929 21 565 825 801 874 512 533 975 113 145 311 852 484 771 230 461 744 38 87 628 362 58 175 538 590 192 62 392 933 237 416 792 851 390 195 798 67 278 1000 198 636 347 888 380 620 788 586 350 789 746 205 465 544 288 829 883 342 846 987 373 545 4 920 366 907 130 842 301 712 228 877 336 496 990 83 18 559 140 239 780 165 706 548 74 648 509 86 326 468 668 938 657 848 567 26 722 181 779 783 277 638 97 577 376 917 485 194 312 387 934 747 206 530 661 22 824 283 823 582 631 859 925 759 594 873 556 220 770 314 855 63 763 570 29 244 197 30 31 572 525 179 875 117 658 649 275 637 646 984 190 731 77 159 367 908 535 595 591 463 973 133 394 935 420 677 968 967 959 966 849 308 776 546 5 519 782 184 405 946 689 910 68 286 844 303 560 46 491 745 488 292 833 576 828 598 57 711 170 821 280 564 23 915 554 714 173 687 536 860 630 89 742 458 999 75 583 773 232 383 99 640 543 2 800 259 256 513 756 892 979 217 471 444 985 691 150 791 317 858 678 137 645 361 902 344 885 664 123 163 704 831 806 265 212 593 324 865 635 94 451 992 221 728 187 958 650 660 119 633 441 982 634 93 607 864 803 154 870 356 349 494 951 437 857 316 226 796 255 263 328 381 922 692 151 408 574 33 715 174 969 428 723 995 868 482 101 358 273 557 16 808 267 10 28 663 149 309 566 440 407 948 102 643 900 225 766 157 955 414 757 216 439 139 680 321 862 605 768 227 200 741 337 878 983 442 415 956 61 245 188 729 445 986 843 296 784 977 436 916 276 718 357 898 486 129 670 876 335 274 815 558 44 893 398 939 368 909 679 138 339 82 561 304 479 452 993 246 755 822 281 325 866 429 970 884 343 754 781 240 976 172 233 40 581 27 183 724 422 963 707 991 450 812 271 611 70 667 694 153 511 254 268 809 552 9 775 56 597 340 854 926 385 128 399 372 913 219 896 639 699 158 55 209 750 777 236 421 962 178 540 112 279 820 80 115 666 409 693 152 85 508 960 162 703 919 167 708 998 457 142 683 223 764 622 269 460 
Semi-Greedy Cut Weight: 6386

Local search Max-Cut (α = 0.75):
unordered_set X: 88 975 962 347 102 83 53 803 794 734 725 677 583 539 537 512 488 485 470 439 261 256 233 208 165 2 997 984 979 977 976 966 965 956 953 944 939 394 935 934 918 916 915 912 901 899 357 898 897 894 892 887 885 883 341 882 880 876 874 870 319 860 839 837 832 831 828 821 820 819 814 810 809 801 800 780 777 776 773 772 771 768 767 760 755 754 753 752 751 742 735 732 190 731 730 727 721 718 168 709 707 698 697 145 686 683 681 674 673 671 667 666 664 661 659 654 651 649 644 640 636 635 634 633 626 625 620 614 609 603 597 593 591 585 580 579 577 575 574 572 30 571 567 565 564 563 561 559 558 557 556 554 548 546 545 3 544 540 536 535 529 272 808 267 10 263 520 258 542 252 509 788 247 504 786 502 243 778 237 494 775 234 770 229 769 228 225 764 223 480 221 478 761 220 215 741 200 998 457 198 738 197 995 454 736 195 993 452 445 440 722 720 179 714 173 971 430 172 710 169 160 958 417 699 158 153 410 408 277 150 948 407 276 560 19 690 149 274 688 147 743 202 459 75 134 74 331 740 199 72 608 67 733 192 65 251 124 381 60 317 246 660 119 376 723 182 55 312 241 498 114 851 310 112 910 369 178 849 308 49 306 715 174 431 588 47 304 600 59 857 316 822 281 695 154 27 825 284 86 343 255 669 128 167 40 806 265 522 11 525 607 66 578 37 678 137 275 689 148 946 405 21 80 807 266 523 680 139 937 396 152 409 25 823 282 598 57 855 314 696 155 28 285 87 687 146 856 315 117 29 605 64 862 321 162 833 292 76 135 933 392 204 461 618 77 622 81 338 750 209 466 623 82 216 473 89 758 217 474 631 90 218 475 91 765 224 638 97 354 646 105 362 652 111 368 656 115 248 662 121 919 378 249 663 122 920 379 254 668 127 384 812 271 685 401 829 288 834 293 840 299 300 843 302 303 850 309 311 859 318 861 320 326 868 327 869 328 871 330 877 336 340 890 349 891 893 352 361 904 363 905 906 907 366 367 370 914 373 930 389 931 390 938 397 399 400 402 957 416 420 968 427 969 428 974 433 441 985 444 987 446 450 992 451 458 460 463 464 465 467 468 471 483 484 490 492 495 496 497 516 518 519 526 
unordered_set Y: 533 364 350 703 655 514 144 1 981 922 895 826 188 729 566 552 528 503 493 482 365 245 181 1000 999 991 986 982 972 961 951 950 949 943 942 941 940 387 928 925 917 911 909 908 903 902 884 881 879 334 875 872 867 858 853 852 847 845 844 301 842 841 294 835 283 824 818 817 816 815 813 804 799 796 795 793 792 790 789 787 784 782 766 762 759 757 756 745 739 183 724 719 713 708 701 694 693 151 692 691 676 675 129 670 665 658 653 632 630 628 627 621 617 616 615 613 606 601 58 599 596 594 51 592 590 41 582 581 35 576 570 569 568 562 551 541 538 534 532 531 530 527 524 521 517 515 513 511 510 508 507 506 505 214 213 749 748 207 744 203 201 194 193 191 989 448 728 187 186 443 726 185 983 442 184 180 978 437 717 176 425 705 164 421 156 954 413 679 138 936 395 126 924 383 125 923 382 123 921 380 120 377 118 375 657 116 113 110 650 109 108 648 107 647 106 645 104 103 360 643 900 359 642 101 358 227 641 100 166 964 423 39 296 639 98 896 355 157 955 414 287 26 212 469 85 342 24 210 624 22 279 20 747 206 79 18 17 684 143 16 273 23 280 99 356 226 702 161 959 418 34 291 93 132 5 262 31 543 259 602 61 142 15 700 159 573 32 830 289 130 260 189 62 33 290 219 476 92 672 131 929 388 4 802 988 447 604 63 133 547 6 704 163 36 763 222 479 95 7 805 264 549 8 706 963 422 38 836 295 136 393 550 9 68 866 325 553 12 269 612 71 140 13 811 270 682 141 398 555 14 73 42 711 170 584 43 712 171 44 586 45 587 46 716 175 973 432 589 48 846 305 177 434 50 848 307 52 595 54 56 854 313 737 196 994 453 610 69 611 70 746 205 462 619 78 335 211 84 629 886 345 94 351 637 96 353 230 487 231 232 489 774 235 236 779 238 239 781 240 783 242 499 785 244 501 791 250 253 797 798 257 268 278 827 286 838 297 298 863 322 864 323 865 324 329 873 332 333 878 337 339 344 346 888 889 348 371 913 372 374 926 385 927 386 932 391 403 945 404 947 406 952 411 412 415 960 419 424 967 426 970 429 435 436 438 980 990 449 996 455 456 472 477 481 486 491 500 
After Local Search: 6348

GRASP Max-Cut (α = 0.75):

GRASP Max-Cut Partition:
unordered_set X: 375 33 903 741 571 28 569 534 408 407 389 340 303 282 766 225 97 48 652 877 636 305 472 168 966 425 411 198 531 874 333 203 744 651 672 210 11 803 644 977 417 461 740 199 492 628 447 529 294 590 161 851 629 269 326 848 312 192 62 437 978 577 905 456 997 914 127 928 211 752 870 384 495 241 793 347 871 377 653 112 315 721 117 462 25 566 399 920 933 424 965 587 46 398 136 451 50 591 441 841 35 47 588 524 572 248 18 517 484 468 395 701 29 540 976 520 323 201 622 67 500 762 320 609 68 518 390 353 188 128 876 575 34 325 253 820 32 922 53 145 416 957 331 223 837 962 815 382 923 324 720 987 799 617 715 314 104 558 507 737 317 842 975 434 557 637 270 880 339 935 205 929 640 85 236 959 418 242 580 995 454 478 805 455 996 605 772 237 105 646 711 863 698 157 412 445 714 173 86 623 82 596 830 706 693 152 611 70 561 206 463 380 459 757 135 676 415 158 124 665 151 185 526 12 989 100 357 306 895 748 491 356 208 302 843 167 681 602 442 983 212 271 812 724 183 954 313 773 543 2 516 159 126 667 153 396 927 697 156 973 432 946 716 175 774 260 256 73 293 420 163 166 423 886 515 114 98 355 319 860 89 358 899 642 427 143 684 245 786 882 84 625 457 430 971 821 280 537 368 909 261 4 775 769 512 912 682 141 404 817 991 450 69 583 562 278 819 224 551 808 391 932 186 727 984 440 981 467 795 695 154 662 298 839 582 299 272 813 493 209 750 539 255 796 361 902 464 671 3 544 691 142 816 275 428 969 712 334 560 19 790 687 146 195 736 452 993 763 222 22 107 397 654 370 911 66 414 955 65 349 132 5 776 519 230 649 108 292 833 219 990 476 102 204 26 283 818 277 63 193 734 761 220 178 719 343 857 309 52 593 6 311 825 54 657 579 38 809 182 723 615 74 901 291 832 483 94 621 80 878 337 735 194 240 650 598 57 287 828 402 943 678 612 71 869 328 383 346 887 290 947 406 780 523 849 308 281 822 51 147 688 554 814 548 7 597 229 508 37 578 696 155 1 542 494 972 439 784 189 730 91 632 838 122 768 960 806 755 732 191 674 133 
unordered_set Y: 474 31 982 850 641 627 360 381 669 116 88 330 87 771 514 392 121 341 96 765 295 836 700 875 511 894 501 221 546 180 549 8 39 801 811 944 403 254 545 140 496 692 635 864 789 952 532 881 521 394 890 21 547 854 603 487 614 490 110 56 658 918 936 535 17 527 846 301 481 777 503 364 879 338 988 99 479 336 963 422 181 722 482 103 244 785 207 419 16 267 300 552 708 533 345 567 855 405 949 61 284 872 589 867 937 506 435 231 342 883 214 1000 525 564 23 704 633 92 252 522 538 477 289 594 387 956 329 444 985 13 262 498 480 497 485 90 631 20 170 565 24 321 862 460 824 388 541 884 60 601 288 829 845 304 109 940 179 592 144 685 782 683 243 606 137 239 366 907 924 530 376 917 852 729 64 10 160 994 453 559 853 835 639 950 409 753 113 648 257 798 608 620 79 510 443 980 120 661 751 919 378 449 802 758 217 898 58 599 436 30 235 961 707 27 568 218 759 502 610 227 998 778 264 885 344 858 150 921 273 469 726 938 709 171 827 286 840 992 76 847 690 149 663 675 134 916 228 742 101 174 431 945 75 616 332 873 95 866 200 486 72 613 499 756 215 626 15 556 42 81 595 335 619 78 745 488 351 892 433 974 176 717 266 807 36 686 710 169 369 910 680 139 148 689 274 111 746 489 232 888 915 374 475 249 908 367 664 123 473 216 563 49 268 607 767 226 421 471 939 600 59 316 573 694 410 951 41 570 702 897 643 386 359 900 670 129 749 958 728 187 363 904 106 647 265 536 279 725 184 296 810 553 677 393 934 310 164 705 448 968 666 125 896 760 787 246 285 826 55 699 953 823 925 668 190 731 513 770 800 259 576 322 679 138 844 926 385 509 659 118 348 889 251 792 931 656 115 913 372 258 528 555 14 318 859 213 754 131 645 986 379 352 893 234 743 202 177 718 371 865 948 779 238 373 630 130 297 783 638 673 930 44 585 350 891 93 634 942 401 856 660 119 655 788 247 504 794 172 713 429 970 162 703 446 550 9 584 43 197 738 781 764 470 999 458 77 618 739 276 400 941 250 791 604 861 906 365 797 465 354 327 868 747 233 733 196 426 967 413 45 586 40 581 165 964 466 831 574 505 624 83 804 263 834 362 307 979 438 
GRASP Cut Weight: 6513
Total Time: 1.98848 minutes
